0.0
0.0
0.0
0.0
0.0
0.0
0.0
0.0
0.0
0.0
0.0
0.0
0.0
0.0
0.0
0.0
0.0
0.0
0.0
0.0
0.0
0.0
0.0
0.0
0.0
0.0
0.0
0.0
0.0
0.0
0.0
0.0
0.0
0.0
0.0
0.0
0.0
0.0
0.0
0.0
0.0
0.0
0.0
0.0
0.0
0.0
0.0
0.0
0.0
0.0
0.0
0.0
0.0
0.0
0.0
0.0
0.0
0.0
0.0
0.0
0.0
0.0
0.0
0.0
0.0
0.0
0.0
0.0
0.0
0.0
0.0
0.0
0.0
0.0
0.0
0.0
0.0
0.0
0.0
0.0
0.0
0.0
0.0
0.0
0.0
155098.94406781718
133885.19194445375
0.0
0.0
182155.56286813997
148008.73550771904
146782.91384779944
0.0
166654.06076127166
135125.26280602015
133822.91238295773
0.0
170826.7370246507
138750.23734423963
136767.71252614917
0.0
152897.87986321904
124730.98142506374
122350.59089357403
0.0
111836.03387963003
124395.08047722995
124395.68602818885
0.0
144955.50705446338
118576.68583441306
115663.31825356375
0.0
149619.87876838268
121843.20596992108
119164.74170566502
0.0
118469.16491785746
132569.19219283914
132568.66837639143
0.0
169974.57490131212
138513.05618460028
134865.1240151236
0.0
122172.92949430445
135986.14446543274
135985.74323754737
0.0
116013.4734792099
128245.42051791113
128242.28709408049
0.0
114415.98156251434
126129.92727925854
126130.53523204045
0.0
0.0
125231.77615087375
125234.31398286765
0.0
0.0
123661.30730690947
123662.24159911298
0.0
0.0
121417.75903926506
121414.87728315304
0.0
0.0
118501.44009642018
118497.17905605961
0.0
135609.53976932727
0.0
114916.09900286455
0.0
0.0
0.0
0.0
0.0
0.0
0.0
0.0
141572.1211535352
176162.32669493486
142314.62504514618
0.0
208196.8924007432
157623.0347556868
157352.39099268618
157040.9645543714
149868.4301209128
149927.6527982549
173882.77084903637
173883.69203140368
187878.6010973112
143053.83244307243
143914.34030689072
141010.0401735631
135935.39509750385
181162.02340086285
137593.0959775396
135461.14571808118
119412.46809208921
120031.64517789628
138913.61275988581
138914.99407537997
134757.3281227656
179119.42227159816
136306.7391818976
133835.5247415477
138560.23381200235
138997.8743072812
160828.358196653
160830.14544426982
125974.77008554315
127051.81066287748
145898.1951828347
145899.52403361126
173706.2881325661
132941.39709331092
134116.5036588877
130665.55448219509
126399.17205232484
169261.66481651252
128104.09846429044
125410.62918973017
109426.56218896096
147914.96337173608
111099.04424004613
108901.7047305551
112231.46138074795
143015.37694520215
0.0
112481.07135207905
0.0
0.0
0.0
0.0
0.0
0.0
0.0
0.0
0.0
0.0
0.0
0.0
0.0
0.0
0.0
0.0
131319.0210508571
155108.58999821445
0.0
0.0
0.0
0.0
0.0
0.0
0.0
0.0
0.0
0.0
146906.0110004014
183249.7473498939
147570.22738882908
0.0
180372.19571369706
137440.22590729926
137802.1926740665
137169.73410124204
181123.5947930319
136948.60264923488
138758.2757346009
136962.87921223935
134321.0736312957
0.0
150350.1847413066
150348.87176796366
153096.99270366546
204241.61260367918
155391.07672205043
152245.6439993237
132829.35335822633
176712.19415371824
134563.91135544973
132554.70671385588
137963.95764349747
183176.55708406577
139586.93388087917
136815.6014130316
165976.4761711654
128511.83279217436
129375.77079165509
126186.20410891234
133550.674012081
179510.73388761232
136524.53077216158
133238.33571248327
128738.62442058306
131557.4920889663
150636.742801301
150639.25081010672
182601.42620200737
141467.45007764618
141635.3894988135
138068.94461506617
119513.14384275037
161784.81493077887
122322.87155748604
119306.93252190747
141247.31863066085
111024.5586108367
110691.51885013681
108000.26731613892
0.0
122210.38260555887
98247.53519872898
95863.05020186964
0.0
120584.0112967206
96905.54852789053
96579.6620741775
0.0
117340.4763343314
94416.91881441977
94374.16351334802
0.0
126972.738651832
101310.0001430954
102369.50099244453
150010.07383123858
123331.65693387516
0.0
122878.1234822766
0.0
0.0
0.0
0.0
0.0
0.0
0.0
0.0
163354.98464348706
204551.4247078144
163514.85712307395
0.0
149337.07538970423
198375.39291249154
150140.80727059676
149658.08197870333
154414.81585110276
0.0
0.0
133300.66209986393
0.0
0.0
0.0
0.0
199407.63886707695
163835.54875812348
163534.61329060036
0.0
163107.08498705825
217073.75500800167
165377.89482042025
162221.88397715997
156287.09928016714
208242.0370877888
159157.33894568347
155222.12205010577
136929.2488743125
139475.162884935
160491.10182147284
160489.48104947095
174346.42412331444
135793.83903407538
135709.2476744074
131109.0917331848
152641.60184713794
119820.80365131737
119378.51351426744
115675.38299202632
163032.52959698174
128896.14949148812
128219.81324335789
123882.07065045768
124015.39146387923
128234.96040430426
145523.30018154997
145524.21988849822
108507.14671507846
148879.2226460184
111138.19912027902
108415.2545361523
108182.56121836737
145708.66587467125
109034.8985415577
107895.19959360294
120572.08687246093
162468.63720665895
121283.87612838148
121225.85857481352
105995.79701486665
107940.88421066651
123292.22238850291
123292.21579774731
112421.75019529315
149954.9640199333
112631.33265451474
113255.16264595669
138678.8779731588
114398.20730911515
0.0
113939.36371419656
0.0
0.0
0.0
0.0
0.0
0.0
0.0
0.0
197356.8312655324
161857.71362402115
160428.13528088768
0.0
211847.6321807625
173194.85170656498
0.0
171802.55341770602
0.0
0.0
0.0
0.0
0.0
0.0
0.0
0.0
159119.41179784606
197762.2339905702
160387.39048765597
0.0
210694.53772526333
160850.6236965695
162081.8063510498
160179.76915884353
168289.33783308364
224383.03615281393
172438.37856981042
167824.471916599
177194.1558304638
137030.21459252766
138785.8233823079
133444.01667949217
119874.14340367576
163070.85701464213
124320.33902433878
119168.91268662276
115090.64449032248
158502.52625205182
119769.75876033067
115373.04096303061
136250.34777780127
109550.21709983985
107857.40919101576
104501.48657248559
143430.33001761697
114886.14378236407
112887.53198012123
109893.76383026743
111193.82883765765
155025.35049527168
114365.42140002626
112500.03003035254
114934.077075374
157566.2287677911
117321.0556966792
116679.43692260087
171157.4425847518
134163.09560382806
131275.80985413288
131597.70965473956
107337.63531808113
111000.73679990448
125849.40813138356
125844.1062178801
122669.66963775415
165793.93340157482
124067.81281232196
124104.21781543488
130009.38400971892
108252.99430233275
0.0
105978.73019454237
0.0
0.0
0.0
0.0
0.0
0.0
0.0
0.0
142158.32342006787
178890.54058763818
143513.66849333508
0.0
196831.73808603123
151966.7918131098
152002.99322769832
149882.04520244687
0.0
131846.4425932612
146793.5939841723
146793.18846881797
0.0
168786.9366452983
136407.06005544486
134873.63112344837
192083.69386084855
146607.01071839436
146934.48004680625
145256.62334100506
146936.9376131763
196353.76126985106
149442.01796308643
147156.35398211042
227462.30737266626
173470.90186092607
176987.46699308057
171351.47968745694
153978.67934949946
204711.3205358968
158807.01656490663
151886.1754113039
135178.20115584144
183830.47015630282
141632.25841166498
133742.2925702314
158779.0246808233
128036.69777383478
126499.88119519714
119963.54579415734
98377.58563127884
106994.45846442459
117263.73627403326
117273.87815682603
131187.3559862111
108946.45457404281
104700.00274750344
101869.59931887394
113252.9524540798
160490.88015021966
116438.4756196069
115034.54359377084
113383.16855271315
120698.02301546745
134774.04609584276
134774.04655876054
160938.69137675263
127066.17306797436
123272.56601911635
125340.6739844169
105369.01540313453
110252.62912976842
124267.90051339056
124269.88576057839
153312.67399596405
120172.34335807922
117952.04026864936
118148.96186658333
104789.7905104546
133552.30510225613
0.0
106579.09058690217
0.0
0.0
0.0
0.0
0.0
0.0
0.0
0.0
151813.91252148483
190496.4061892755
152817.02493868477
0.0
185766.9204037521
143406.01396589837
142495.81960812092
142185.33339608676
137625.0536765378
139182.52726108077
160399.46561963804
160397.86509464865
147043.00370015326
148416.90628704676
171000.3452432544
171000.12095732125
148136.86382727907
198306.14801653623
150159.95777471547
148428.97593031317
159292.38530253342
213563.9157026653
162089.5593519125
159755.48655085752
221816.28687806675
168000.22678625752
171542.20883925285
167083.7606886971
220017.11134018362
164730.48703316966
173448.76737251834
163612.68323151628
151040.97340360173
0.0
172146.29086546035
172146.59869927444
114448.0071119003
128233.6415216243
136783.77172233938
136781.7170447347
100765.01027324842
146603.64228615275
107239.71296102964
102611.09459836884
98234.97147601421
142621.97799562145
103870.08983973406
102008.62854774167
109227.92852742244
156768.2688114164
112590.27210781901
113830.82661351952
102800.08456712574
146004.9184035483
105151.60573063782
108134.57437061176
141843.88753002774
113483.80938261762
109280.52592425514
113093.52485601633
110392.37921527766
114919.27621155916
130029.58987154496
130030.00479304176
111468.05266036894
152246.68095697428
113265.74702150558
113970.56822018606
117717.18694478767
149974.92467811683
0.0
119674.86891739065
0.0
0.0
0.0
0.0
0.0
0.0
0.0
0.0
172977.7330457098
217937.7094106313
174931.329219879
0.0
147340.34884852695
150365.94848990452
172712.1434680937
172713.28449799982
150952.33138348482
203542.17093542987
153734.03882813448
151768.34700038662
158431.34243567707
212286.1775676784
161408.36589824897
158526.80636351698
166221.0537196791
169547.68113944944
194642.37870403889
194648.03987337128
179519.03084069025
240245.73576361305
181265.24654756827
179945.487922742
227575.11715144163
172191.2081094605
172957.41536030298
171402.43687778997
171675.40208407617
208666.38912952464
0.0
168492.0728144044
0.0
0.0
0.0
0.0
111996.09513736785
157646.34822922072
122216.66180883592
0.0
110066.39050495486
122529.72503200056
135054.9770780993
135053.81295032386
115335.57990912197
168689.24712240716
121865.69638348446
120047.61792689467
118382.41930660563
172097.2562257913
121329.23802403496
124259.79043061983
114285.70007963182
123571.14593726184
136967.44682885578
136963.9285599445
114013.57805555103
120758.49897276037
136856.03951005812
136855.3511331296
150423.61285692913
119374.2183843035
115991.77806561865
119121.93237982519
119620.22816053886
123809.5098225348
140919.66274230214
140919.54396031747
139401.89976055527
177141.37936347577
0.0
142560.62986610743
0.0
0.0
0.0
0.0
0.0
0.0
0.0
0.0
201405.5544734827
253600.49750567068
203203.47626199425
0.0
171626.31950582756
174265.2252039727
201204.50890622527
201205.09990756374
188126.95523683546
254335.05498626074
191597.74012222217
189112.23386144475
192319.95233689478
260456.7513839104
195231.1483973062
192241.33423713478
183771.9061021086
188692.77888470187
215224.7691957435
215221.5616331922
199590.00271371554
204997.808104469
232644.8070413669
232644.3493113453
224654.84252472743
0.0
181303.1756871179
181232.1109120592
209867.08931713557
0.0
0.0
181006.28830393637
0.0
0.0
0.0
0.0
127333.72026619574
172255.63719111556
135868.47202110232
0.0
112215.39235931488
123455.40636990166
136407.93364741004
136407.43931116932
122244.07760808409
181133.65359756543
128377.37871788754
127017.43602255231
118666.59462496774
176289.1488630925
120994.82786051802
125566.51172537774
105935.04201656877
150434.4959588069
106064.56632144688
113693.01981560625
137318.3839939231
110740.19095865998
105576.23309635358
111639.70174548482
110677.84174417838
152457.03796062162
112208.9145104223
116698.58963539351
112895.36243634339
116602.50335305932
133126.76172401657
133126.08743772891
166835.01192613746
138025.26111505897
0.0
138230.4967398543
0.0
0.0
0.0
0.0
0.0
0.0
0.0
0.0
237632.31777605388
298277.06484709115
239221.1278634041
0.0
203986.3103777413
207079.7085881871
239038.32094609048
239037.35398613501
224372.1046905638
226948.75549624895
262984.26035474986
262984.61896026274
219268.36910084545
297828.4833459709
225463.54675572118
219750.7819032195
203674.20381811465
279036.83036271064
209140.2122441191
204834.65789942685
231183.12597605053
198538.39715516826
0.0
188869.88756289857
0.0
0.0
0.0
0.0
0.0
0.0
0.0
0.0
0.0
0.0
0.0
0.0
139923.6935054629
181758.78859996572
148516.56906011511
0.0
121295.99499382253
174576.9479253833
131305.7584495508
124350.14112099864
126070.58348453208
190076.99253890355
134641.61615094784
130246.25065898085
125354.89472305804
194763.87518987418
125725.19101550533
133535.4661524489
118264.88586698966
127526.25766033746
143110.77150143048
143115.01591602908
120234.6738588683
164182.49185480687
119152.3329309836
130228.26951322838
132425.72242075027
178624.57443631024
131973.95934036627
138767.3738409254
119993.09166305869
161090.4545055811
120266.47179873518
123726.23373343916
131480.85816640896
166575.1822510454
0.0
134307.59112436033
0.0
0.0
0.0
0.0
0.0
0.0
0.0
0.0
280802.879387862
228560.84797577054
228430.01723545667
0.0
210726.1806151526
282927.4541917954
214793.35821235593
211717.05246722893
262004.88855109256
201809.88291232556
203204.06752755324
198353.8834711157
231870.96807798042
314199.52904820675
238572.0156262507
231240.71702592206
291606.7692248206
228521.35179618446
231649.63341250294
221135.714616966
203012.15032274992
214759.08815575764
248365.98908946218
248368.46072551887
0.0
191473.70371294397
211491.90122950883
211491.1124257418
0.0
228638.03409696382
193132.91371476874
173781.12311792973
0.0
225925.2602718475
190298.5646303089
171664.88004603368
171934.39237306756
176178.32280969073
202139.2773087163
202145.2051141565
147249.67387446566
210947.85189306494
163370.36963361484
145402.0561780306
132715.32875303496
205099.94893637561
146512.74999415755
134792.08352197366
122904.54018244315
213294.2638782419
119382.13625621393
131604.0381999373
123636.87478191796
0.0
145949.42216070296
145955.58853235128
139372.59385717017
137715.0143540397
166957.55802027797
166956.96010960103
184602.28695070077
140773.8689451314
138521.2347467115
146893.44093403398
140572.68627886765
186942.83303071983
139889.57989067753
143492.44101842487
172749.6346225517
141364.05118797772
0.0
141455.42693519403
0.0
0.0
0.0
0.0
0.0
0.0
0.0
0.0
226189.81534879972
282963.99258139264
227656.0463400997
0.0
284283.33898612513
217609.8388908835
219258.6021989213
215323.42633338238
190471.07514660212
193131.4951491713
223823.52251898203
223822.67189724033
291411.7095249131
223821.97053924092
226927.33665271502
218864.27965495136
204672.1222984901
209696.36846641425
241979.28972821904
241976.58749957013
270599.1404709943
211085.07092061607
218023.4258504492
201443.64827466322
190690.01347888075
194306.01053043827
223214.44595535222
223216.46810785486
210681.2082829924
212604.011292739
245717.76411998027
245709.59692607162
190754.8277191598
192227.9872388382
223238.15910306794
223235.60566935188
232301.99868375112
180336.27142744936
192257.6057754634
167043.3646397065
152824.90013576494
161522.5091673611
185605.19802375705
185603.9960078482
131230.64759089565
199360.90999855733
160244.72858948892
128421.92520570448
96951.50313682975
176268.66611523903
0.0
102988.36708631393
0.0
0.0
0.0
0.0
151867.80218707523
118694.16721488905
117369.77376803162
0.0
119761.6748618358
157432.79661946555
118319.4905221757
121119.93871577265
167936.66329408446
128341.11594746589
127543.13720640214
129244.83735586604
147708.0965896356
120340.47998269992
0.0
119964.66339348833
0.0
0.0
0.0
0.0
0.0
0.0
0.0
0.0
291312.01368085237
235211.88584009887
236395.16118880006
0.0
200011.08248682268
266287.3871716514
202889.8176332264
200271.65077770865
189467.91207754868
251037.165100582
193806.05400548453
188776.50766098656
178833.68598284153
181612.31654721685
210257.97060576512
210258.60436389805
239312.6907961617
184977.31503281163
189613.05332799026
178095.3231017309
218961.90256435337
171857.9709366171
175639.5153982448
162841.17346919922
174014.36032489268
235337.90172773425
184122.69009947102
169058.00543594622
236987.3736194316
181580.4793411179
189248.3672178793
172915.74757902345
188145.3180960608
190087.56885090886
221344.42504830382
221340.41451950962
184175.70106645746
184908.77798024932
218132.25585875704
218118.57067715155
151055.4237167621
151793.26699512443
182203.11118072062
182187.70521808937
122225.13623603246
123756.01918674093
166925.91893592165
148050.26681194644
0.0
0.0
0.0
0.0
0.0
0.0
0.0
0.0
127833.04936794518
157123.10619624917
125034.47916898588
0.0
127617.47644670635
129275.95371622614
148708.56345516373
148708.27367529747
126136.48518809065
167446.77086309978
126481.72918809364
127869.35970510189
117924.30786202062
148154.21739893986
0.0
119701.1208279437
0.0
0.0
0.0
0.0
0.0
0.0
0.0
0.0
278012.8911268031
225019.41035483536
224806.08162973984
0.0
224768.3731356777
298667.153422573
227359.75511686347
224076.82752933673
214968.724033484
213832.1767416409
251646.7062515457
251646.30346147
183443.9590346003
0.0
207089.9203244823
207086.77550455357
207307.4597276477
0.0
176463.5581076791
162979.37868118339
157705.3579891158
217585.95015057334
165451.34008902955
153359.13508711092
217623.76094628
168178.06335709585
172773.4631576837
160920.23905858502
160407.76854533743
215176.51382940484
169143.30434689808
154698.2203013551
218715.24364497312
165433.63500666636
176659.01356910987
158153.68989736348
218551.1855378774
162676.3482457846
178038.27111323766
155157.58168348882
136591.8130797765
130398.00810305445
158695.71131161504
158695.0728908121
175920.0032215218
118242.93605179027
142478.5462669239
113808.82097478792
150413.28192437053
88101.44072582669
0.0
89414.72319748846
0.0
0.0
0.0
0.0
141294.8416414797
177783.64807772991
140623.91645367784
0.0
142249.89549493365
190972.37583595558
141986.92472323522
144230.5470438343
149501.2537591573
199876.03530150242
149722.75170768827
152302.0319249822
137782.2615871678
172574.81230456324
0.0
139332.8377091308
0.0
0.0
0.0
0.0
0.0
0.0
0.0
0.0
266954.5772628135
216363.37945482557
215945.054448056
0.0
229988.45874101773
303993.22915051435
230484.24776961465
228851.69674782007
244523.20308022632
195551.71129321028
0.0
195599.3702935994
0.0
0.0
0.0
0.0
0.0
0.0
0.0
0.0
183069.64879442903
235862.00851970844
192443.330852103
0.0
162053.15662426144
164484.97317301415
191824.80253497872
191823.8514564277
184887.20224585722
245213.4594090561
193317.83545696194
179732.0762867312
202288.5075121137
151695.63282948182
161512.32087104273
146954.39829671077
191593.60985773144
140118.75816842756
151821.95573916766
136197.7775658594
138250.57596541822
130007.20457792481
156484.55060287466
156482.49972866167
175555.10983772535
115395.84759068997
131752.49758139695
115336.77994993173
183016.09380700663
115606.2569422098
0.0
121879.81173859592
0.0
0.0
0.0
0.0
156904.50408877377
202719.8114463696
157322.30664910914
0.0
195320.08235206656
151489.87519053873
148094.78545915592
151740.91129637766
200634.4348507701
154232.9293102518
152272.86077244513
153888.76138927517
150439.06261295505
189158.80127919847
0.0
152348.38840095667
0.0
0.0
0.0
0.0
0.0
0.0
0.0
0.0
243858.2044292417
197612.30600261042
197149.78809109604
0.0
280921.6889768651
213720.38182851273
213215.26056072325
211620.1707759895
189948.3056644519
191748.33778331167
219959.86876782175
219957.29528538336
0.0
0.0
0.0
220447.0509951484
0.0
0.0
0.0
0.0
200332.03902006277
249187.69759513403
204138.6201397945
0.0
167879.02466110696
221809.1442951019
172887.51888454438
166289.4023657385
246857.54653231648
185411.85105693384
192858.88020744314
182044.4273240189
165423.45950437017
215037.02177133947
169935.08152743863
158339.74751509054
136901.28849236903
131619.65522855494
155716.69230832066
155715.76864392118
181350.75800998832
129240.82413290125
137355.7796118381
128005.30355720177
138883.42603081316
163299.92701952608
131852.7092294739
124473.11335323863
198326.8330589217
126619.97845266707
123066.06759937192
131344.37360743963
0.0
159873.06216354188
123394.31072992609
141343.411555115
185770.30577676327
144528.674685351
140498.79196994513
151940.92041709146
142446.4149324862
191173.3332805029
141910.8895236037
147857.92556718027
158678.38516737422
212962.7725787155
159472.70553335507
162833.52656093816
165594.88551339883
206576.6525550952
0.0
167129.23694813185
0.0
0.0
0.0
0.0
0.0
0.0
0.0
0.0
209234.83098886593
261198.63833161528
210381.54033872744
0.0
196352.1128838579
262775.3020213866
198832.17753377045
197193.7235224528
190579.28463020094
241248.7324669201
0.0
191223.8561446681
0.0
0.0
0.0
0.0
0.0
0.0
0.0
0.0
249742.61834249282
196587.08405497635
203812.64524821847
0.0
176187.33433453637
175149.2582881245
206111.58726866692
206110.55202033717
228395.43625151765
171536.75691883249
177237.9063671402
166944.9766812062
206276.66771831393
154578.72156562735
160718.63528501804
150447.1883313665
139946.56901044372
180975.06364435185
142765.7284651046
133425.52290807132
163616.01540625285
119603.52344926739
123328.91948162985
116756.28123929571
172150.09248104805
122962.02887738119
126650.23443345256
122651.10109058775
188043.58081008896
131156.65747891285
129978.12788284522
133703.73706564907
148027.3400061379
144436.58265629024
169753.31894631198
169753.9421764324
146695.40586936413
146700.56884580135
171854.46288376872
171857.24423701808
166595.21461716664
222160.6855325265
164725.42880461272
171567.18158696007
228526.26522387742
174524.96954285394
171745.468770394
176631.390175502
189016.21865581814
236627.46157159747
0.0
191109.2793222895
0.0
0.0
0.0
0.0
0.0
0.0
0.0
0.0
284505.8505356236
0.0
247135.30773555255
0.0
237930.20832814754
0.0
269264.02627680573
269262.44752681337
231076.4307151364
0.0
264801.5461515625
264807.0367902687
0.0
0.0
248434.77831762182
248429.04633781864
0.0
0.0
230875.3886268446
230872.8532567576
193088.96667960295
0.0
212158.9497756347
212157.11800758692
168879.32022583106
0.0
188311.97430340096
188311.29857754268
199992.08769224896
0.0
165468.75344595706
156693.2666055698
144267.8709023005
0.0
160802.62518824873
160793.96682702028
186065.24997347753
0.0
152599.03792030533
144403.26896056585
126799.01364947557
0.0
139738.41666025942
139735.11056468086
122038.2230490104
0.0
132679.24878608022
132684.56228580832
157627.26032503005
0.0
121164.75184431099
123318.71655249664
168012.30642214284
0.0
130301.85863285894
136816.36959963123
149137.5568059563
0.0
168005.6262299359
168006.51172908844
183081.96699911696
0.0
206533.17872559812
206532.3367475835
180293.76634928072
0.0
204065.32412728202
204073.02682714927
236528.10034384867
0.0
0.0
205533.6230358847
0.0
0.0
0.0
0.0
0.0
0.0
0.0
0.0
0.0
0.0
0.0
0.0
0.0
0.0
0.0
0.0
0.0
0.0
0.0
0.0
0.0
0.0
0.0
0.0
0.0
0.0
0.0
0.0
0.0
0.0
0.0
0.0
0.0
0.0
0.0
0.0
0.0
0.0
0.0
0.0
0.0
0.0
0.0
0.0
0.0
0.0
0.0
0.0
0.0
0.0
0.0
0.0
0.0
0.0
0.0
0.0
0.0
0.0
0.0
0.0
0.0
0.0
0.0
0.0
0.0
0.0
0.0
0.0
0.0
0.0
0.0
0.0
0.0
0.0
0.0
0.0
0.0
0.0
0.0
0.0
0.0
0.0
0.0
0.0
